function elastocmapnew = UIUCelastogram
%UNTITLED2 Summary of this function goes here
%   Detailed explanation goes here
elastocmapnew=[
                         0                         0                         0
     1.061437908496732e-01     8.444444444444443e-02     1.843137254901961e-01
     1.586928104575164e-01     1.291503267973856e-01     3.179084967320262e-01
     1.600000000000000e-01     1.254901960784314e-01     2.996078431372549e-01
     1.686274509803922e-01     1.220915032679739e-01     3.134640522875817e-01
     1.725490196078431e-01     1.294117647058824e-01     3.098039215686275e-01
     1.850980392156863e-01     1.270588235294118e-01     3.121568627450980e-01
     1.916339869281046e-01     1.254901960784314e-01     3.137254901960784e-01
     1.921568627450981e-01     1.294117647058824e-01     3.137254901960784e-01
     1.952941176470588e-01     1.294117647058824e-01     3.152941176470588e-01
     2.052287581699346e-01     1.294117647058824e-01     3.176470588235294e-01
     2.151633986928105e-01     1.294117647058824e-01     3.176470588235294e-01
     2.219607843137255e-01     1.294117647058824e-01     3.145098039215686e-01
     2.350326797385621e-01     1.294117647058824e-01     3.194771241830066e-01
     2.420915032679739e-01     1.294117647058824e-01     3.215686274509804e-01
     2.470588235294118e-01     1.333333333333333e-01     3.254901960784314e-01
     2.559477124183007e-01     1.294117647058824e-01     3.294117647058824e-01
     2.630065359477125e-01     1.294117647058824e-01     3.294117647058824e-01
     2.666666666666667e-01     1.325490196078432e-01     3.294117647058824e-01
     2.671895424836601e-01     1.333333333333333e-01     3.257516339869281e-01
     2.771241830065360e-01     1.333333333333333e-01     3.294117647058824e-01
     2.870588235294118e-01     1.333333333333333e-01     3.317647058823530e-01
     2.969934640522876e-01     1.367320261437909e-01     3.367320261437909e-01
     3.019607843137255e-01     1.333333333333333e-01     3.372549019607843e-01
     3.066666666666666e-01     1.333333333333333e-01     3.388235294117648e-01
     3.111111111111111e-01     1.359477124183007e-01     3.437908496732026e-01
     3.134640522875817e-01     1.335947712418301e-01     3.450980392156863e-01
     3.239215686274510e-01     1.372549019607843e-01     3.490196078431372e-01
     3.351633986928105e-01     1.354248366013072e-01     3.490196078431372e-01
     3.401307189542484e-01     1.362091503267974e-01     3.490196078431372e-01
     3.490196078431372e-01     1.372549019607843e-01     3.490196078431372e-01
     3.568627450980392e-01     1.372549019607843e-01     3.490196078431372e-01
     3.631372549019608e-01     1.351633986928105e-01     3.511111111111111e-01
     3.749019607843137e-01     1.333333333333333e-01     3.529411764705883e-01
     3.809150326797386e-01     1.335947712418301e-01     3.571241830065360e-01
     3.908496732026144e-01     1.372549019607843e-01     3.620915032679739e-01
     3.984313725490196e-01     1.372549019607843e-01     3.647058823529412e-01
     4.000000000000000e-01     1.372549019607843e-01     3.647058823529412e-01
     4.010457516339869e-01     1.372549019607843e-01     3.686274509803922e-01
     4.125490196078431e-01     1.356862745098039e-01     3.701960784313726e-01
     4.222222222222222e-01     1.359477124183006e-01     3.751633986928105e-01
     4.271895424836601e-01     1.372549019607843e-01     3.801307189542483e-01
     4.282352941176471e-01     1.380392156862745e-01     3.819607843137255e-01
     4.277124183006536e-01     1.411764705882353e-01     3.918954248366013e-01
     4.264052287581699e-01     1.469281045751634e-01     4.018300653594771e-01
     4.235294117647059e-01     1.490196078431373e-01     4.117647058823529e-01
     4.224836601307190e-01     1.539869281045752e-01     4.237908496732026e-01
     4.216993464052288e-01     1.589542483660131e-01     4.436601307189542e-01
     4.235294117647059e-01     1.576470588235294e-01     4.603921568627451e-01
     4.271895424836601e-01     1.610457516339870e-01     4.705882352941176e-01
     4.235294117647059e-01     1.633986928104575e-01     4.732026143790851e-01
     4.211764705882353e-01     1.654901960784314e-01     4.901960784313725e-01
     4.196078431372549e-01     1.686274509803922e-01     5.082352941176469e-01
     4.258823529411764e-01     1.691503267973857e-01     5.181699346405230e-01
     4.078431372549018e-01     1.741176470588235e-01     5.215686274509804e-01
     3.777777777777777e-01     1.790849673202615e-01     5.215686274509804e-01
     3.466666666666666e-01     1.840522875816994e-01     5.215686274509804e-01
     3.231372549019608e-01     1.843137254901961e-01     5.301960784313726e-01
     3.100653594771242e-01     1.843137254901961e-01     5.333333333333333e-01
     3.001307189542484e-01     1.843137254901961e-01     5.390849673202615e-01
     2.745098039215687e-01     2.000000000000000e-01     5.333333333333333e-01
     2.585620915032680e-01     2.088888888888889e-01     5.364705882352940e-01
     2.366013071895425e-01     2.159477124183006e-01     5.471895424836601e-01
     2.117647058823530e-01     2.258823529411765e-01     5.521568627450981e-01
     1.874509803921569e-01     2.397385620915032e-01     5.607843137254902e-01
     1.725490196078432e-01     2.483660130718954e-01     5.607843137254902e-01
     1.576470588235295e-01     2.533333333333333e-01     5.607843137254902e-01
     1.427450980392158e-01     2.549019607843137e-01     5.675816993464051e-01
     1.422222222222223e-01     2.598692810457517e-01     5.720261437908496e-01
     1.505882352941177e-01     2.698039215686275e-01     5.701960784313725e-01
     1.581699346405229e-01     2.771241830065360e-01     5.751633986928104e-01
     1.644444444444445e-01     2.820915032679739e-01     5.801307189542484e-01
     1.701960784313726e-01     2.909803921568628e-01     5.905882352941176e-01
     1.783006535947713e-01     2.959477124183007e-01     6.018300653594771e-01
     1.775163398692811e-01     3.095424836601307e-01     6.096732026143791e-01
     1.725490196078431e-01     3.176470588235294e-01     6.156862745098040e-01
     1.764705882352941e-01     3.236601307189543e-01     6.256209150326797e-01
     1.743790849673203e-01     3.335947712418301e-01     6.292810457516340e-01
     1.725490196078431e-01     3.403921568627451e-01     6.274509803921569e-01
     1.809150326797385e-01     3.532026143790850e-01     6.397385620915032e-01
     1.895424836601307e-01     3.581699346405229e-01     6.457516339869281e-01
     1.921568627450981e-01     3.607843137254902e-01     6.407843137254902e-01
     1.853594771241831e-01     3.675816993464052e-01     6.426143790849673e-01
     1.725490196078431e-01     3.686274509803922e-01     6.431372549019608e-01
     1.741176470588235e-01     3.701960784313726e-01     6.447058823529412e-01
     1.686274509803921e-01     3.751633986928105e-01     6.470588235294118e-01
     1.537254901960784e-01     3.837908496732027e-01     6.507189542483660e-01
     1.411764705882353e-01     3.929411764705882e-01     6.556862745098040e-01
     1.338562091503268e-01     3.960784313725490e-01     6.606535947712419e-01
     6.222222222222214e-02     4.047058823529412e-01     6.713725490196079e-01
                         0     4.156862745098039e-01     6.823529411764706e-01
                         0     4.266666666666666e-01     6.894117647058824e-01
                         0     4.436601307189542e-01     7.064052287581699e-01
                         0     4.635294117647059e-01     7.231372549019608e-01
                         0     4.747712418300653e-01     7.294117647058823e-01
                         0     4.823529411764705e-01     7.333333333333333e-01
                         0     5.019607843137254e-01     7.458823529411764e-01
                         0     5.199999999999999e-01     7.320261437908497e-01
